<?xml version="1.0"?>
<opencv_storage>
<hogsvm_80_16 type_id="opencv-object-detector-hog">
  <winSize>
    80 80</winSize>
  <blockSize>
    16 16</blockSize>
  <blockStride>
    8 8</blockStride>
  <cellSize>
    8 8</cellSize>
  <nbins>9</nbins>
  <derivAperture>1</derivAperture>
  <winSigma>4.</winSigma>
  <histogramNormType>0</histogramNormType>
  <L2HysThreshold>2.0000000000000001e-01</L2HysThreshold>
  <gammaCorrection>1</gammaCorrection>
  <nlevels>64</nlevels>
  <signedGradient>0</signedGradient>
  <SVMDetector>
    -8.76703765e-03 -1.59001891e-02 -1.57509986e-02 -3.89794335e-02
    3.42825390e-02 -1.83894299e-02 -1.97364446e-02 -1.58685558e-02
    -1.19416555e-02 8.72990489e-03 -9.70706530e-03 -8.95472709e-03
    9.08958027e-04 3.89410951e-03 1.79381517e-04 -1.28608234e-02
    -1.30102197e-02 1.13113481e-03 2.12686928e-03 -4.62381588e-03
    -3.80903459e-03 -5.16028982e-03 1.18262609e-02 -9.56939708e-04
    9.70964972e-03 5.75950509e-03 5.72873699e-03 -2.40881485e-03
    -1.51318908e-02 1.42603973e-03 1.74171813e-02 -4.57707699e-03
    1.36147263e-02 1.65599640e-02 6.33421028e-03 -4.73823777e-04
    -2.83389026e-03 5.65534225e-03 -8.22213711e-04 -1.59222428e-02
    -3.51996953e-03 -2.07394343e-02 -1.93536300e-02 -6.98004290e-03
    -8.36457405e-03 6.17000333e-04 -5.41808782e-03 -1.02964938e-02
    -8.93525966e-03 -5.36903227e-03 -4.85446630e-03 -6.33463776e-03
    -2.95706210e-03 -2.16723047e-02 1.66842679e-03 -5.84873138e-04
    -9.29337367e-03 -8.51715449e-03 -2.49562931e-04 -7.27091311e-03
    -4.30459017e-03 1.21391127e-02 2.62612570e-03 6.82555931e-03
    -7.24455575e-03 -1.64894550e-03 -5.66440262e-03 -3.28837917e-03
    -5.05751511e-03 5.62043115e-03 1.31567847e-02 -4.31409106e-03
    7.04200566e-03 -9.93218832e-03 -9.12395120e-03 -8.93550087e-03
    -4.10778169e-03 -1.28966635e-02 -8.50833301e-03 -4.58023883e-03
    -3.21163982e-03 3.15429224e-03 -4.32563340e-03 7.95551669e-03
    -1.49153173e-02 1.73565571e-03 -1.65339131e-02 -1.42949205e-02
    6.49989757e-04 5.48512721e-03 1.06621895e-03 -1.44453477e-02
    1.17335450e-02 -1.53790470e-02 -4.07529669e-03 9.11853369e-03
    -8.59482307e-03 1.27043957e-02 1.93240494e-02 -1.75313335e-02
    2.38203886e-03 1.16066858e-02 3.34815891e-03 1.27426609e-02
    1.20673524e-02 -5.52454311e-03 1.74826980e-02 3.44914431e-03
    3.91658582e-03 -6.83142524e-03 -1.03655737e-02 -5.35601238e-03
    -1.13964928e-02 -3.95923527e-03 2.63964036e-03 6.00084616e-03
    7.01095304e-03 -3.23639950e-03 -1.66581906e-02 -9.52886231e-03
    -9.54472646e-03 -1.07755410e-02 -1.00789452e-02 3.96594079e-03
    4.17980459e-03 4.71061375e-03 2.37059835e-02 4.19560447e-03
    2.93590943e-03 -2.43261317e-03 -1.35796582e-02 -8.97322781e-03
    1.23520475e-02 6.86875777e-03 2.07635444e-02 4.90129739e-03
    -8.75262637e-03 -1.86249916e-03 -2.78016925e-03 1.64428875e-02
    -1.97542273e-02 -1.75702255e-02 -5.11038117e-03 8.11031647e-03
    -1.91736908e-03 -2.53364304e-03 1.94183609e-03 6.26912341e-03
    1.00244279e-03 1.41359810e-02 1.88519619e-02 1.26650203e-02
    1.35384155e-02 -1.29700955e-02 -1.89879164e-02 -5.50969178e-03
    -4.34099929e-03 -3.34211742e-03 -2.95993150e-03 5.28190797e-03
    1.10506779e-02 -1.45553444e-02 -7.04917312e-03 4.38573305e-03
    4.17185249e-03 1.30993081e-02 -6.59314264e-03 2.42213253e-03
    -8.04625824e-03 2.36835405e-02 1.79973524e-02 -6.78111566e-03
    -1.60893034e-02 -1.65806357e-02 -2.38097496e-02 -1.57908872e-02
    -2.41788593e-03 -3.80390207e-03 3.37246549e-03 1.06226448e-02
    -1.03648929e-02 6.60648337e-04 2.36086198e-03 9.70702060e-03
    1.70683656e-02 -6.13177149e-03 -1.50804734e-02 1.93081461e-02
    -5.09561738e-03 -2.53347661e-02 -8.68019927e-03 -5.70755871e-03
    8.06802791e-03 -4.75687906e-03 -1.81233753e-02 -2.67977901e-02
    1.01000629e-03 -1.73543841e-02 7.92712159e-03 1.51718110e-02
    4.49433457e-03 1.47565538e-02 1.07297488e-02 5.25667006e-03
    -1.24172755e-02 2.96632294e-02 2.87411436e-02 -2.09783558e-02
    -5.00524743e-03 -1.26168309e-02 1.17922093e-04 -2.08427962e-02
    3.38360271e-03 -6.84819557e-03 1.25168981e-02 -5.69315255e-03
    3.92488251e-03 -1.80694519e-03 4.93384851e-03 1.81092706e-04
    8.15795548e-03 -3.29763419e-03 -6.07789727e-03 6.05967687e-03
    -8.88502749e-04 -1.32668894e-02 -1.53871840e-02 -9.92010534e-03
    5.90558210e-03 -4.12737764e-03 -9.73102171e-03 -1.23550622e-02
    -7.85972551e-03 -1.18082911e-02 2.13976186e-02 1.25462497e-02
    -6.05762191e-03 8.43404606e-03 9.21461917e-03 2.51025762e-02
    1.65921226e-02 3.18180360e-02 8.09208211e-03 -8.88619281e-04
    -6.57917419e-03 -1.55949611e-02 -2.09977874e-03 -9.16609168e-03
    -1.37352180e-02 -5.70605136e-03 6.08577859e-03 -6.63895486e-03
    -4.35197121e-03 -8.46001226e-03 -3.23504163e-03 -1.53084910e-02
    8.89529940e-03 -5.35099208e-03 -4.37148856e-06 1.04681598e-02
    -1.28916756e-04 -1.45305935e-02 1.85968424e-03 -4.28828644e-03
    -7.84856640e-03 8.18729866e-03 -1.70036661e-03 -1.49655640e-02
    -1.23730013e-02 -1.23776048e-02 2.35623922e-02 9.80407558e-03
    -5.68839069e-03 2.08764058e-03 -6.75761700e-03 3.66115547e-03
    2.67005749e-02 2.47500613e-02 1.88125391e-02 -7.33406516e-03
    6.38892734e-03 -6.00906648e-03 -5.99389756e-03 -4.29237913e-03
    -1.42051536e-03 -2.97686765e-05 9.55650955e-03 1.95098249e-03
    -7.18888734e-03 -2.28943792e-03 2.87366053e-03 3.27986968e-03
    2.19141301e-02 -8.94903112e-03 -3.85658955e-03 9.65758692e-03
    4.90302825e-03 -6.87408354e-03 -1.84019376e-02 -8.21650669e-04
    -1.24696353e-02 -5.35324542e-03 2.73778802e-03 4.77420073e-03
    -3.97208519e-03 1.18719926e-03 1.66486446e-02 -7.41247786e-03
    -5.53839561e-03 -3.44454427e-03 1.95560288e-02 3.72252380e-03
    1.61712784e-02 3.12538072e-02 2.45810896e-02 8.18223786e-03
    -1.08175520e-02 7.37594347e-03 1.59456432e-02 8.16536788e-03
    9.02852323e-03 -2.39586877e-03 1.02319242e-02 8.56577046e-03
    -1.54460538e-02 -9.42523777e-03 -1.17969802e-02 -1.75872142e-03
    8.86122417e-03 1.32132159e-03 1.63765601e-03 5.92089782e-04
    -1.29486388e-02 -6.25115540e-03 -1.38782822e-02 -1.59942806e-02
    9.87292361e-03 -1.36644738e-02 1.74034983e-02 -1.30002829e-03
    -7.42961792e-03 -2.04787869e-03 4.04512789e-03 -1.00816898e-02
    -1.62452571e-02 -1.75671354e-02 -1.39008127e-02 1.26540428e-03
    -7.09483773e-03 2.05063503e-02 1.14604812e-02 8.17911699e-03
    -1.79851335e-02 -2.84181582e-03 -8.18407163e-03 -5.33374911e-03
    1.30874664e-02 -8.95081647e-03 9.49034374e-03 1.01262918e-02
    -8.71618465e-03 -6.41443906e-03 -1.04881413e-02 -1.32733239e-02
    1.00077586e-02 -4.29333979e-03 -7.45583093e-03 -5.81497699e-03
    -7.65431300e-03 -9.52100847e-03 -5.96320117e-03 5.64236334e-03
    -9.49000753e-03 -9.09086782e-03 1.02850078e-02 -6.77359616e-03
    5.48614515e-03 -3.80228949e-03 -8.75179004e-03 -1.40061928e-02
    -9.24894307e-03 -2.78600175e-02 8.41186196e-03 -9.52477381e-03
    -8.83507729e-03 1.02043319e-02 8.23812373e-03 -4.73258412e-03
    7.15145562e-03 1.27110137e-02 -5.22477832e-03 -6.03201799e-03
    8.13906081e-03 1.09334914e-02 1.91904958e-02 1.16809383e-02
    -9.53952223e-03 -6.54096156e-03 -6.62901578e-03 -1.26407817e-02
    -9.01504979e-03 5.03488118e-03 -1.27665810e-02 1.03632826e-02
    4.78478614e-03 -2.18548924e-02 -9.60184354e-03 -4.53750836e-03
    1.99413090e-03 2.77300249e-03 -2.25910524e-04 -1.63899418e-02
    2.54701776e-03 -9.96384677e-03 6.31718151e-03 -5.84307942e-04
    -4.22261981e-03 -1.04142411e-03 -1.35923969e-02 -1.29415793e-02
    -6.76217955e-03 2.45755892e-02 1.27240364e-02 -3.41778994e-03
    2.76253070e-03 -1.81862339e-02 -1.91708468e-02 6.99312240e-03
    -7.34768016e-03 -3.36120501e-02 1.86132044e-02 8.61754641e-03
    1.66932133e-03 1.99740450e-03 2.52817292e-03 7.66828889e-03
    2.30063032e-03 -3.81917902e-03 2.69242353e-03 4.49317275e-03
    3.34658776e-03 -1.78900734e-02 -6.49336772e-03 -1.88895036e-03
    2.65362882e-03 1.28429732e-03 -2.54286435e-02 -6.71357196e-03
